Image ID,Nombre de personnes détectées,Offset Difference (offset_diff),Individual Offsets
391895,1,0.84871875,[96.82]
522418,1,0.70175,[190.88]
184613,4,0.6799525,[23.105000000000018, 204.04500000000002, 181.775, 231.17000000000002]
318219,2,0.8141187050359712,[28.159999999999997, 178.54000000000002]
554625,5,0.8159976525821596,[138.38, 51.76999999999998, 73.5, 26.03000000000003, 102.245]
574769,1,0.95590625,[21.16500000000002]
60623,3,0.7493203125000001,[145.275, 110.375, 225.65499999999997]
309022,0,1,[]
5802,2,0.77980078125,[166.955, 114.89999999999998]
222564,2,0.67815625,[279.105, 132.85500000000002]
